[1, 1, 3, 2, 3, -1]
False [75, 76, 77, 80, 82, 85, 84]
[3, 1, 2, 3, 1, 2, 0]
False [49, 52, 53, 55, 58, 59, 61, 61]
[3, 3, 2, 4]
False [54, 57, 60, 62, 66]
[2, 2, 2, 1, 3, 5]
False [4, 6, 8, 10, 11, 14, 19]
[3, 1, -3, 2, 2, 2]
False [82, 85, 86, 83, 85, 87, 89]
[1, 1, -1, 3, -1]
False [85, 86, 87, 86, 89, 88]
[3, 1, 3, 1, -3, 1, 0]
False [69, 72, 73, 76, 77, 74, 75, 75]
[2, -2, 1, 3, 3, 4]
False [4, 6, 4, 5, 8, 11, 15]
[3, 1, 2, 3, 1, -1, 5]
False [6, 9, 10, 12, 15, 16, 15, 20]
[2, 0, 2, 3, 3]
False [41, 43, 43, 45, 48, 51]
[3, 2, 0, 3, 2, 1, -1]
False [48, 51, 53, 53, 56, 58, 59, 58]
[2, 2, 3, 0, 3, 0]
False [67, 69, 71, 74, 74, 77, 77]
[1, 2, 0, 4]
False [82, 83, 85, 85, 89]
[3, 2, 0, 3, 2, 5]
False [21, 24, 26, 26, 29, 31, 36]
[3, 3, 1, 4, 3, 2, 1]
False [4, 7, 10, 11, 15, 18, 20, 21]
[2, 2, 3, 2, 4, 1, -2]
False [56, 58, 60, 63, 65, 69, 70, 68]
[2, 4, 2, 1, 2, 0]
False [24, 26, 30, 32, 33, 35, 35]
[1, 2, 2, 3, 4, 1, 4]
False [12, 13, 15, 17, 20, 24, 25, 29]
[1, 1, 3, 1, 1, 4, 5]
False [52, 53, 54, 57, 58, 59, 63, 68]
[3, 2, 7, 3, 1]
False [43, 46, 48, 55, 58, 59]
[1, 7, 3, 1, 1, -2]
False [15, 16, 23, 26, 27, 28, 26]
[1, 3, 3, 3, 5, 0]
False [49, 50, 53, 56, 59, 64, 64]
[2, 1, 6, 4]
False [56, 58, 59, 65, 69]
[2, 1, 2, 5, 5]
False [3, 5, 6, 8, 13, 18]
[-1, 2, 1, 3, 2, 2]
False [45, 44, 46, 47, 50, 52, 54]
[-2, 1, 1, -3]
False [37, 35, 36, 37, 34]
[-3, 1, 2, 1, 2, 0]
False [53, 50, 51, 53, 54, 56, 56]
[-2, 1, 1, 1, 2, 3, 4]
False [80, 78, 79, 80, 81, 83, 86, 90]
[-1, 3, 3, 3, 5]
False [32, 31, 34, 37, 40, 45]
[-1, 2, 2, -2, 3]
False [76, 75, 77, 79, 77, 80]
[-1, -3, 2, -1]
False [26, 25, 22, 24, 23]
[-1, -3, 1, 1, 0]
False [27, 26, 23, 24, 25, 25]
[-3, 3, -3, 4]
False [96, 93, 96, 93, 97]
[-3, 1, 1, 3, -3, 2, 7]
False [37, 34, 35, 36, 39, 36, 38, 45]
[-3, 1, 1, 0, 3, 2]
False [68, 65, 66, 67, 67, 70, 72]
[-2, 3, 0, 1, -3]
False [41, 39, 42, 42, 43, 40]
[-2, 3, 1, 0, 1, 2, 0]
False [88, 86, 89, 90, 90, 91, 93, 93]
[-1, 2, 1, 0, 2, 4]
False [24, 23, 25, 26, 26, 28, 32]
[-2, 0, 3, 3, 5]
False [79, 77, 77, 80, 83, 88]
[-2, 2, 2, 3, 3, 4, 1]
False [50, 48, 50, 52, 55, 58, 62, 63]
[-1, 1, 2, 4, 2, 1, -3]
False [39, 38, 39, 41, 45, 47, 48, 45]
[-2, 3, 1, 2, 1, 4, 0]
False [40, 38, 41, 42, 44, 45, 49, 49]
[-1, 4, 3, 4]
False [50, 49, 53, 56, 60]
[-1, 4, 3, 6]
False [74, 73, 77, 80, 86]
[-3, 1, 1, 3, 6, 1, 1]
False [40, 37, 38, 39, 42, 48, 49, 50]
[-1, 6, 3, 2, 1, 2, -2]
False [12, 11, 17, 20, 22, 23, 25, 23]
[-3, 2, 2, 5, 3, 0]
False [74, 71, 73, 75, 80, 83, 83]
[-3, 6, 2, 4]
False [20, 17, 23, 25, 29]
[-2, 7, 2, 3, 6]
False [32, 30, 37, 39, 42, 48]
[0, 3, 3, 1]
False [80, 80, 83, 86, 87]
[0, 3, 2, 2, 3, 2, -3]
False [73, 73, 76, 78, 80, 83, 85, 82]
[0, 3, 3, 3, 2, 2, 0]
False [19, 19, 22, 25, 28, 30, 32, 32]
[0, 3, 3, 4]
False [43, 43, 46, 49, 53]
[0, 3, 3, 5]
False [69, 69, 72, 75, 80]
[0, 1, -3, 3, 2]
False [24, 24, 25, 22, 25, 27]
[0, -2, 3, 3, 1, -3]
False [60, 60, 58, 61, 64, 65, 62]
[0, -2, 1, 2, 2, 0]
False [52, 52, 50, 51, 53, 55, 55]
[0, 3, -3, 4]
False [56, 56, 59, 56, 60]
[0, 1, -2, 2, 7]
False [37, 37, 38, 36, 38, 45]
[0, 2, 3, 0, 1, 1, 2]
False [7, 7, 9, 12, 12, 13, 14, 16]
[0, 3, 2, 0, -1]
False [52, 52, 55, 57, 57, 56]
[0, 0, 2, 0]
False [89, 89, 89, 91, 91]
[0, 0, 3, 3, 2, 2, 4]
False [7, 7, 7, 10, 13, 15, 17, 21]
[0, 1, 3, 3, 0, 2, 6]
False [43, 43, 44, 47, 50, 50, 52, 58]
[0, 1, 4, 1, 1, 3, 3]
False [4, 4, 5, 9, 10, 11, 14, 17]
[0, 2, 4, -2]
False [11, 11, 13, 17, 15]
[0, 4, 3, 0]
False [7, 7, 11, 14, 14]
[0, 3, 4, 2, 2, 4]
False [55, 55, 58, 62, 64, 66, 70]
[0, 3, 1, 2, 4, 3, 6]
False [75, 75, 78, 79, 81, 85, 88, 94]
[0, 7, 1, 3]
False [56, 56, 63, 64, 67]
[0, 2, 3, 2, 1, 5, -2]
False [5, 5, 7, 10, 12, 13, 18, 16]
[0, 6, 3, 2, 1, 3, 0]
False [32, 32, 38, 41, 43, 44, 47, 47]
[0, 7, 1, 4]
False [36, 36, 43, 44, 48]
[0, 3, 5, 5]
False [9, 9, 12, 17, 22]
[4, 1, 2, 2, 1, 2, 3]
False [11, 15, 16, 18, 20, 21, 23, 26]
[4, 1, 2, 3, 2, 2, -3]
False [50, 54, 55, 57, 60, 62, 64, 61]
[4, 2, 2, 1, 0]
False [86, 90, 92, 94, 95, 95]
[4, 2, 3, 4]
False [84, 88, 90, 93, 97]
[4, 2, 3, 3, 6]
False [3, 7, 9, 12, 15, 21]
[4, 1, 3, 3, -1, 1, 3]
False [36, 40, 41, 44, 47, 46, 47, 50]
[4, 2, -2, 3, 1, 3, -3]
False [39, 43, 45, 43, 46, 47, 50, 47]
[4, 2, -3, 3, 0]
False [84, 88, 90, 87, 90, 90]
[4, 1, -3, 2, 4]
False [2, 6, 7, 4, 6, 10]
[4, -1, 1, 1, 3, 6]
False [31, 35, 34, 35, 36, 39, 45]
[4, 0, 1, 2]
False [11, 15, 15, 16, 18]
[4, 2, 2, 2, 3, 0, -1]
False [1, 5, 7, 9, 11, 14, 14, 13]
[4, 2, 0, 3, 0]
False [54, 58, 60, 60, 63, 63]
[4, 2, 2, 0, 4]
False [52, 56, 58, 60, 60, 64]
[4, 0, 1, 5]
False [61, 65, 65, 66, 71]
[4, 3, 1, 4, 1]
False [48, 52, 55, 56, 60, 61]
[4, 3, 4, 1, -3]
False [77, 81, 84, 88, 89, 86]
[4, 1, 3, 1, 4, 3, 0]
False [58, 62, 63, 66, 67, 71, 74, 74]
[4, 3, 3, 1, 2, 4, 4]
False [71, 75, 78, 81, 82, 84, 88, 92]
[4, 1, 4, 7]
False [82, 86, 87, 91, 98]
[4, 3, 2, 5, 3, 3]
False [41, 45, 48, 50, 55, 58, 61]
[4, 3, 1, 5, 3, 2, -3]
False [70, 74, 77, 78, 83, 86, 88, 85]
[4, 7, 2, 0]
False [71, 75, 82, 84, 84]
[4, 7, 1, 4]
False [19, 23, 30, 31, 35]
[4, 7, 2, 5]
False [59, 63, 70, 72, 77]
[6, 2, 2, 1]
False [45, 51, 53, 55, 56]
[6, 2, 3, -2]
False [8, 14, 16, 19, 17]
[6, 3, 3, 0]
False [46, 52, 55, 58, 58]
[6, 2, 3, 2, 3, 1, 4]
False [71, 77, 79, 82, 84, 87, 88, 92]
[7, 2, 3, 7]
False [68, 75, 77, 80, 87]
[6, 3, -3, 1, 2, 1]
False [29, 35, 38, 35, 36, 38, 39]
[5, -1, 3, 2, 2, -3]
False [34, 39, 38, 41, 43, 45, 42]
[7, 2, -1, 2, 3, 2, 0]
False [26, 33, 35, 34, 36, 39, 41, 41]
[7, 3, -3, 4]
False [85, 92, 95, 92, 96]
[5, 2, -1, 1, 1, 7]
False [33, 38, 40, 39, 40, 41, 48]
[6, 3, 1, 0, 1, 1, 1]
False [83, 89, 92, 93, 93, 94, 95, 96]
[7, 3, 0, 2, -1]
False [85, 92, 95, 95, 97, 96]
[5, 0, 1, 1, 1, 2, 0]
False [54, 59, 59, 60, 61, 62, 64, 64]
[7, 1, 2, 0, 4]
False [27, 34, 35, 37, 37, 41]
[6, 2, 2, 2, 0, 5]
False [69, 75, 77, 79, 81, 81, 86]
[5, 1, 1, 4, 2]
False [25, 30, 31, 32, 36, 38]
[7, 4, 1, 1, -1]
False [51, 58, 62, 63, 64, 63]
[7, 1, 3, 4, 3, 2, 0]
False [54, 61, 62, 65, 69, 72, 74, 74]
[7, 2, 1, 4, 3, 3, 4]
False [59, 66, 68, 69, 73, 76, 79, 83]
[5, 1, 4, 6]
False [14, 19, 20, 24, 30]
[7, 2, 6, 3, 1]
False [33, 40, 42, 48, 51, 52]
[5, 3, 1, 5, 3, -2]
False [28, 33, 36, 37, 42, 45, 43]
[6, 5, 3, 0]
False [44, 50, 55, 58, 58]
[7, 1, 7, 1, 4]
False [14, 21, 22, 29, 30, 34]
[5, 3, 6, 3, 1, 6]
False [35, 40, 43, 49, 52, 53, 59]
[-2, -3, -2, -2, -3, 2]
False [63, 61, 58, 56, 54, 51, 53]
[-3, -3, -1, 0]
False [52, 49, 46, 45, 45]
[-2, -3, -1, -1, -4]
False [74, 72, 69, 68, 67, 63]
[-3, -3, -1, -1, -5]
False [80, 77, 74, 73, 72, 67]
[-3, 2, -3, -3, -2, -1]
False [77, 74, 76, 73, 70, 68, 67]
[-3, -1, -1, 2, 2]
False [20, 17, 16, 15, 17, 19]
[-3, -1, -3, -2, -1, 3, 0]
False [45, 42, 41, 38, 36, 35, 38, 38]
[-1, 2, -3, -4]
False [55, 54, 56, 53, 49]
[-2, -1, -2, -1, 2, -6]
False [20, 18, 17, 15, 14, 16, 10]
[-3, 0, -2, -2, -2, -2]
False [17, 14, 14, 12, 10, 8, 6]
[-1, -2, -1, -2, 0, -3, 2]
False [72, 71, 69, 68, 66, 66, 63, 65]
[-1, 0, -3, -1, -1, -1, 0]
False [31, 30, 30, 27, 26, 25, 24, 24]
[-2, -1, 0, -1, -4]
False [51, 49, 48, 48, 47, 43]
[-2, 0, -3, -1, -6]
False [26, 24, 24, 21, 20, 14]
[-1, -4, -1, -3, -2]
False [19, 18, 14, 13, 10, 8]
[-3, -1, -4, 2]
False [84, 81, 80, 76, 78]
[-2, -4, -3, -3, 0]
False [47, 45, 41, 38, 35, 35]
[-1, -3, -4, -4]
False [68, 67, 64, 60, 56]
[-3, -3, -2, -4, -2, -6]
False [74, 71, 68, 66, 62, 60, 54]
[-2, -3, -2, -3, -6, -1]
False [43, 41, 38, 36, 33, 27, 26]
[-3, -7, -2, 3]
False [63, 60, 53, 51, 54]
[-1, -5, -3, -3, -1, -2, 0]
False [29, 28, 23, 20, 17, 16, 14, 14]
[-1, -3, -3, -5, -3, -1, -4]
False [46, 45, 42, 39, 34, 31, 30, 26]
[-2, -2, -6, -2, -6]
False [23, 21, 19, 13, 11, 5]
[2, -3, -2, -1, -1, -3]
False [27, 29, 26, 24, 23, 22, 19]
[2, -2, -3, -2, -2, 2]
False [86, 88, 86, 83, 81, 79, 81]
[2, -2, -3, -2, -2, -3, 0]
False [57, 59, 57, 54, 52, 50, 47, 47]
[3, -3, -3, -4]
False [21, 24, 21, 18, 14]
[2, -1, -1, -2, -2, -7]
False [61, 63, 62, 61, 59, 57, 50]
[3, -2, 1, -2, -1, -3]
False [96, 99, 97, 98, 96, 95, 92]
[3, 2, -2, 2]
False [66, 69, 71, 69, 71]
[2, -1, -3, -2, 3, -3, 0]
False [41, 43, 42, 39, 37, 40, 37, 37]
[3, 3, -1, -4]
False [79, 82, 85, 84, 80]
[2, -2, 1, -5]
False [77, 79, 77, 78, 73]
[2, 0, -2, -2]
False [22, 24, 24, 22, 20]
[3, -2, 0, 2]
False [63, 66, 64, 64, 66]
[3, 0, -1, -3, 0]
False [19, 22, 22, 21, 18, 18]
[2, 0, -2, -2, -2, -4]
False [95, 97, 97, 95, 93, 91, 87]
[1, -2, -2, 0, -1, -3, -7]
False [32, 33, 31, 29, 29, 28, 25, 18]
[2, -1, -4, -1, -2, -2, -3]
False [42, 44, 43, 39, 38, 36, 34, 31]
[2, -2, -3, -2, -4, 2]
False [27, 29, 27, 24, 22, 18, 20]
[2, -4, -3, 0]
False [20, 22, 18, 15, 15]
[1, -4, -2, -4]
False [68, 69, 65, 63, 59]
[2, -4, -1, -3, -1, -5]
False [79, 81, 77, 76, 73, 72, 67]
[2, -1, -6, -1, -2, -1, -3]
False [68, 70, 69, 63, 62, 60, 59, 56]
[2, -5, -3, -3, 3]
False [42, 44, 39, 36, 33, 36]
[2, -3, -5, -1, -2, 0]
False [88, 90, 87, 82, 81, 79, 79]
[3, -3, -7, -1, -4]
False [66, 69, 66, 59, 58, 54]
[1, -1, -2, -2, -6, -6]
False [70, 71, 70, 68, 66, 60, 54]
[0, -1, -2, -2, -1, -2, -3]
False [77, 77, 76, 74, 72, 71, 69, 66]
[0, -3, -3, -3, -1, 3]
False [43, 43, 40, 37, 34, 33, 36]
[0, -1, -2, 0]
False [21, 21, 20, 18, 18]
[0, -2, -3, -2, -2, -3, -4]
False [34, 34, 32, 29, 27, 25, 22, 18]
[0, -1, -2, -3, -7]
False [79, 79, 78, 76, 73, 66]
[0, 3, -2, -2]
False [89, 89, 92, 90, 88]
[0, -2, -2, -1, 1, 3]
False [77, 77, 75, 73, 72, 73, 76]
[0, -1, 2, 0]
False [84, 84, 83, 85, 85]
[0, -2, -2, -3, -1, 3, -4]
False [30, 30, 28, 26, 23, 22, 25, 21]
[0, 3, -2, -2, -1, -5]
False [22, 22, 25, 23, 21, 20, 15]
[0, 0, -2, -1, -1, -2, -3]
False [66, 66, 66, 64, 63, 62, 60, 57]
[0, -2, -3, -3, 0, 1]
False [75, 75, 73, 70, 67, 67, 68]
[0, 0, -3, -3, -2, -3, 0]
False [33, 33, 33, 30, 27, 25, 22, 22]
[0, -3, -2, 0, -4]
False [55, 55, 52, 50, 50, 46]
[0, -2, 0, -1, -5]
False [40, 40, 38, 38, 37, 32]
[0, -1, -4, -3]
False [63, 63, 62, 58, 55]
[0, -1, -4, 2]
False [95, 95, 94, 90, 92]
[0, -2, -3, -4, 0]
False [87, 87, 85, 82, 78, 78]
[0, -4, -1, -4]
False [88, 88, 84, 83, 79]
[0, -2, -4, -6]
False [85, 85, 83, 79, 73]
[0, -2, -7, -2]
False [53, 53, 51, 44, 42]
[0, -5, -2, -1, 2]
False [12, 12, 7, 5, 4, 6]
[0, -5, -1, -3, 0]
False [53, 53, 48, 47, 44, 44]
[0, -3, -7, -3, -4]
False [35, 35, 32, 25, 22, 18]
[0, -7, -3, -2, -7]
False [46, 46, 39, 36, 34, 27]
[-4, -1, -2, -1, -3]
False [26, 22, 21, 19, 18, 15]
[-4, -1, -1, -2, 2]
False [91, 87, 86, 85, 83, 85]
[-4, -3, -2, -1, 0]
False [24, 20, 17, 15, 14, 14]
[-4, -2, -3, -3, -4]
False [66, 62, 60, 57, 54, 50]
[-4, -1, -2, -1, -2, -6]
False [67, 63, 62, 60, 59, 57, 51]
[-4, -2, 3, -1, -1, -3, -2]
False [41, 37, 35, 38, 37, 36, 33, 31]
[-4, 1, -3, -3, -1, -3, 3]
False [18, 14, 15, 12, 9, 8, 5, 8]
[-4, -1, -2, -1, 1, 0]
False [37, 33, 32, 30, 29, 30, 30]
[-4, -2, -1, -3, 1, -3, -4]
False [70, 66, 64, 63, 60, 61, 58, 54]
[-4, -2, -2, -3, 3, -2, -6]
False [34, 30, 28, 26, 23, 26, 24, 18]
[-4, -2, -3, -3, 0, -1]
False [28, 24, 22, 19, 16, 16, 15]
[-4, 0, -2, -1, -3, -3, 2]
False [54, 50, 50, 48, 47, 44, 41, 43]
[-4, -3, 0, 0]
False [82, 78, 75, 75, 75]
[-4, 0, -1, -3, -1, -4]
False [38, 34, 34, 33, 30, 29, 25]
[-4, -1, -1, 0, -3, -6]
False [52, 48, 47, 46, 46, 43, 37]
[-4, -1, -2, -2, -1, -4, -1]
False [20, 16, 15, 13, 11, 10, 6, 5]
[-4, -2, -4, 1]
False [57, 53, 51, 47, 48]
[-4, -2, -4, -1, -2, 0]
False [89, 85, 83, 79, 78, 76, 76]
[-4, -1, -2, -4, -1, -1, -4]
False [28, 24, 23, 21, 17, 16, 15, 11]
[-4, -4, -1, -1, -3, -1, -7]
False [87, 83, 79, 78, 77, 74, 73, 66]
[-4, -1, -2, -7, -1]
False [63, 59, 58, 56, 49, 48]
[-4, -2, -7, 1]
False [87, 83, 81, 74, 75]
[-4, -2, -6, 0]
False [43, 39, 37, 31, 31]
[-4, -1, -2, -7, -4]
False [80, 76, 75, 73, 66, 62]
[-4, -1, -2, -7, -7]
False [48, 44, 43, 41, 34, 27]
[-7, -3, -2, -3, -1, -3]
False [53, 46, 43, 41, 38, 37, 34]
[-5, -3, -3, -3, -1, 3]
False [60, 55, 52, 49, 46, 45, 48]
[-6, -2, -2, -3, -3, -3, 0]
False [56, 50, 48, 46, 43, 40, 37, 37]
[-7, -1, -1, -2, -2, -4]
False [93, 86, 85, 84, 82, 80, 76]
[-5, -1, -3, -1, -7]
False [20, 15, 14, 11, 10, 3]
[-6, -3, -1, -3, -2, 1, -1]
False [73, 67, 64, 63, 60, 58, 59, 58]
[-6, -2, -2, 2, 2]
False [55, 49, 47, 45, 47, 49]
[-5, -1, -1, -1, 2, 0]
False [15, 10, 9, 8, 7, 9, 9]
[-7, 2, -2, -2, -2, -2, -4]
False [44, 37, 39, 37, 35, 33, 31, 27]
[-7, -3, 3, -7]
False [94, 87, 84, 87, 80]
[-7, 0, -2, -2]
False [67, 60, 60, 58, 56]
[-6, -3, 0, -3, -3, 3]
False [72, 66, 63, 63, 60, 57, 60]
[-7, -2, 0, -3, -2, 0]
False [69, 62, 60, 60, 57, 55, 55]
[-7, -2, -2, 0, -4]
False [17, 10, 8, 6, 6, 2]
[-5, -1, 0, -5]
False [93, 88, 87, 87, 82]
[-7, -2, -4, -1]
False [40, 33, 31, 27, 26]
[-6, -1, -1, -3, -2, -4, 2]
False [58, 52, 51, 50, 47, 45, 41, 43]
[-5, -1, -4, 0]
False [87, 82, 81, 77, 77]
[-6, -3, -4, -1, -2, -2, -4]
False [56, 50, 47, 43, 42, 40, 38, 34]
[-7, -2, -2, -4, -3, -6]
False [86, 79, 77, 75, 71, 68, 62]
[-7, -2, -3, -1, -6, -3]
False [95, 88, 86, 83, 82, 76, 73]
[-5, -2, -7, 1]
False [78, 73, 71, 64, 65]
[-5, -5, -3, -1, 0]
False [61, 56, 51, 48, 47, 47]
[-5, -5, -2, -2, -4]
False [68, 63, 58, 56, 54, 50]
[-6, -5, -1, -7]
False [25, 19, 14, 13, 6]
[2, 1, 2, -3]
False [49, 51, 52, 54, 51]
[1, 1, 1, 0]
False [93, 94, 95, 96, 96]
[1, 2, 2, 1, 2, 3, 4]
False [23, 24, 26, 28, 29, 31, 34, 38]
[2, 2, 1, 1, 6]
False [83, 85, 87, 88, 89, 95]
[2, -1, 1, 2]
False [66, 68, 67, 68, 70]
[1, -1, 3, -2]
False [14, 15, 14, 17, 15]
[2, -2, 2, 2, 0]
False [6, 8, 6, 8, 10, 10]
[1, 3, -3, 4]
False [35, 36, 39, 36, 40]
[1, -3, 3, 7]
False [38, 39, 36, 39, 46]
[1, 2, 0, 3, 3]
False [10, 11, 13, 13, 16, 19]
[2, 3, 1, 2, 0, -3]
False [23, 25, 28, 29, 31, 31, 28]
[3, 1, 0, 0]
False [63, 66, 67, 67, 67]
[3, 0, 3, 4]
False [67, 70, 70, 73, 77]
[2, 3, 2, 0, 1, 6]
False [34, 36, 39, 41, 41, 42, 48]
[2, 2, 4, 1, 2]
False [85, 87, 89, 93, 94, 96]
[1, 3, 4, -1]
False [91, 92, 95, 99, 98]
[2, 3, 4, 2, 0]
False [17, 19, 22, 26, 28, 28]
[3, 2, 4, 1, 4]
False [55, 58, 60, 64, 65, 69]
[2, 4, 3, 2, 2, 6]
False [78, 80, 84, 87, 89, 91, 97]
[2, 1, 6, 1, 1, 3]
False [5, 7, 8, 14, 15, 16, 19]
[2, 2, 3, 3, 5, 2, -1]
False [2, 4, 6, 9, 12, 17, 19, 18]
[2, 5, 3, 1, 0]
False [33, 35, 40, 43, 44, 44]
[3, 7, 2, 4]
False [1, 4, 11, 13, 17]
[1, 2, 7, 2, 7]
False [40, 41, 43, 50, 52, 59]
[-1, 2, 1, 3]
False [67, 66, 68, 69, 72]
[-3, 2, 1, -1]
False [40, 37, 39, 40, 39]
[-1, 3, 3, 0]
False [56, 55, 58, 61, 61]
[-2, 1, 2, 3, 2, 1, 4]
False [33, 31, 32, 34, 37, 39, 40, 44]
[-1, 1, 2, 1, 2, 2, 5]
False [58, 57, 58, 60, 61, 63, 65, 70]
[-1, -1, 1, 3]
False [9, 8, 7, 8, 11]
[-2, -2, 2, 3, 1, -2]
False [41, 39, 37, 39, 42, 43, 41]
[-1, 3, 1, 3, 2, -3, 0]
False [59, 58, 61, 62, 65, 67, 64, 64]
[-1, 3, 1, -3, 1, 2, 4]
False [92, 91, 94, 95, 92, 93, 95, 99]
[-2, 1, -2, 3, 6]
False [89, 87, 88, 86, 89, 95]
[-2, 0, 3, 2, 3, 3, 3]
False [81, 79, 79, 82, 84, 87, 90, 93]
[-2, 2, 0, -1]
False [75, 73, 75, 75, 74]
[-1, 1, 2, 0, 1, 0]
False [11, 10, 11, 13, 13, 14, 14]
[-2, 3, 0, 4]
False [87, 85, 88, 88, 92]
[-1, 3, 2, 3, 0, 6]
False [63, 62, 65, 67, 70, 70, 76]
[-3, 4, 2, 3, 1, 2]
False [53, 50, 54, 56, 59, 60, 62]
[-2, 3, 3, 4, 3, 3, -1]
False [7, 5, 8, 11, 15, 18, 21, 20]
[-3, 1, 4, 0]
False [94, 91, 92, 96, 96]
[-2, 3, 4, 4]
False [62, 60, 63, 67, 71]
[-1, 3, 3, 2, 4, 6]
False [9, 8, 11, 14, 16, 20, 26]
[-2, 5, 1, 1, 3, 3]
False [63, 61, 66, 67, 68, 71, 74]
[-2, 1, 7, -3]
False [49, 47, 48, 55, 52]
[-3, 2, 3, 7, 3, 1, 0]
False [29, 26, 28, 31, 38, 41, 42, 42]
[-1, 3, 6, 3, 4]
False [49, 48, 51, 57, 60, 64]
[-1, 3, 7, 2, 3, 5]
False [65, 64, 67, 74, 76, 79, 84]
[0, 3, 3, 3, 3, 1]
False [32, 32, 35, 38, 41, 44, 45]
[0, 1, 1, 3, 3, -3]
False [80, 80, 81, 82, 85, 88, 85]
[0, 2, 1, 1, 1, 0]
False [77, 77, 79, 80, 81, 82, 82]
[0, 3, 1, 4]
False [78, 78, 81, 82, 86]
[0, 2, 2, 3, 2, 7]
False [26, 26, 28, 30, 33, 35, 42]
[0, 1, -2, 1, 1]
False [91, 91, 92, 90, 91, 92]
[0, -3, 1, -1]
False [96, 96, 93, 94, 93]
[0, -1, 2, 2, 0]
False [73, 73, 72, 74, 76, 76]
[0, 2, -1, 2, 4]
False [89, 89, 91, 90, 92, 96]
[0, -2, 3, 6]
False [22, 22, 20, 23, 29]
[0, 1, 1, 1, 0, 2, 3]
False [36, 36, 37, 38, 39, 39, 41, 44]
[0, 3, 2, 2, 2, 0, -2]
False [87, 87, 90, 92, 94, 96, 96, 94]
[0, 0, 3, 1, 0]
False [55, 55, 55, 58, 59, 59]
[0, 0, 2, 2, 4]
False [33, 33, 33, 35, 37, 41]
[0, 2, 3, 2, 0, 3, 6]
False [76, 76, 78, 81, 83, 83, 86, 92]
[0, 4, 1, 1, 2]
False [71, 71, 75, 76, 77, 79]
[0, 4, 2, -3]
False [60, 60, 64, 66, 63]
[0, 3, 4, 3, 2, 1, 0]
False [8, 8, 11, 15, 18, 20, 21, 21]
[0, 4, 2, 2, 1, 3, 4]
False [20, 20, 24, 26, 28, 29, 32, 36]
[0, 4, 3, 5]
False [23, 23, 27, 30, 35]
[0, 5, 3, 2, 3, 2]
False [28, 28, 33, 36, 38, 41, 43]
[0, 1, 2, 2, 5, -2]
False [45, 45, 46, 48, 50, 55, 53]
[0, 1, 1, 5, 0]
False [3, 3, 4, 5, 10, 10]
[0, 2, 1, 3, 5, 2, 4]
False [72, 72, 74, 75, 78, 83, 85, 89]
[0, 6, 2, 6]
False [44, 44, 50, 52, 58]
[4, 2, 3, 2]
False [1, 5, 7, 10, 12]
[4, 2, 3, 2, 2, -3]
False [83, 87, 89, 92, 94, 96, 93]
[4, 3, 3, 2, 1, 0]
False [74, 78, 81, 84, 86, 87, 87]
[4, 1, 2, 2, 3, 3, 4]
False [73, 77, 78, 80, 82, 85, 88, 92]
[4, 1, 3, 2, 2, 5]
False [47, 51, 52, 55, 57, 59, 64]
[4, 1, -3, 3, 3, 2]
False [7, 11, 12, 9, 12, 15, 17]
[4, 1, -3, 2, -3]
False [50, 54, 55, 52, 54, 51]
[4, -3, 2, 3, 3, 0]
False [35, 39, 36, 38, 41, 44, 44]
[4, -2, 1, 2, 4]
False [89, 93, 91, 92, 94, 98]
[4, -3, 1, 2, 1, 5]
False [31, 35, 32, 33, 35, 36, 41]
[4, 0, 3, 1]
False [60, 64, 64, 67, 68]
[4, 3, 0, -2]
False [18, 22, 25, 25, 23]
[4, 3, 0, 0]
False [48, 52, 55, 55, 55]
[4, 0, 3, 4]
False [39, 43, 43, 46, 50]
[4, 2, 3, 3, 0, 3, 5]
False [17, 21, 23, 26, 29, 29, 32, 37]
[4, 3, 4, 3]
False [33, 37, 40, 44, 47]
[4, 4, 2, 2, -1]
False [23, 27, 31, 33, 35, 34]
[4, 4, 1, 1, 0]
False [64, 68, 72, 73, 74, 74]
[4, 1, 4, 3, 4]
False [20, 24, 25, 29, 32, 36]
[4, 3, 4, 3, 2, 3, 5]
False [46, 50, 53, 57, 60, 62, 65, 70]
[4, 3, 7, 3, 2]
False [60, 64, 67, 74, 77, 79]
[4, 1, 7, 1, 1, 3, -3]
False [51, 55, 56, 63, 64, 65, 68, 65]
[4, 5, 3, 1, 3, 2, 0]
False [14, 18, 23, 26, 27, 30, 32, 32]
[4, 6, 3, 2, 3, 1, 4]
False [40, 44, 50, 53, 55, 58, 59, 63]
[4, 2, 1, 1, 6, 7]
False [30, 34, 36, 37, 38, 44, 51]
[7, 3, 2, 1, 2]
False [43, 50, 53, 55, 56, 58]
[5, 1, 1, -1]
False [63, 68, 69, 70, 69]
[6, 1, 2, 0]
False [63, 69, 70, 72, 72]
[6, 1, 2, 3, 1, 2, 4]
False [34, 40, 41, 43, 46, 47, 49, 53]
[5, 2, 2, 2, 6]
False [40, 45, 47, 49, 51, 57]
[7, 2, 3, -3, 2, 2]
False [6, 13, 15, 18, 15, 17, 19]
[6, 1, -2, 1, 1, -3]
False [4, 10, 11, 9, 10, 11, 8]
[7, 3, 3, 2, -1, 2, 0]
False [27, 34, 37, 40, 42, 41, 43, 43]
[6, 3, -2, 3, 4]
False [76, 82, 85, 83, 86, 90]
[5, -1, 1, 7]
False [22, 27, 26, 27, 34]
[6, 0, 2, 3]
False [47, 53, 53, 55, 58]
[7, 0, 2, 2, 2, 3, -2]
False [52, 59, 59, 61, 63, 65, 68, 66]
[6, 3, 1, 3, 0, 1, 0]
False [17, 23, 26, 27, 30, 30, 31, 31]
[7, 3, 3, 0, 3, 4]
False [16, 23, 26, 29, 29, 32, 36]
[5, 3, 0, 3, 3, 7]
False [52, 57, 60, 60, 63, 66, 73]
[6, 1, 4, 2]
False [23, 29, 30, 34, 36]
[7, 2, 4, -3]
False [4, 11, 13, 17, 14]
[5, 1, 4, 2, 2, 0]
False [20, 25, 26, 30, 32, 34, 34]
[7, 4, 3, 1, 4]
False [62, 69, 73, 76, 77, 81]
[7, 3, 4, 2, 5]
False [34, 41, 44, 48, 50, 55]
[6, 2, 6, 2]
False [47, 53, 55, 61, 63]
[5, 3, 3, 6, 3, 1, -2]
False [40, 45, 48, 51, 57, 60, 61, 59]
[7, 6, 2, 3, 1, 3, 0]
False [68, 75, 81, 83, 86, 87, 90, 90]
[6, 3, 5, 1, 3, 4]
False [68, 74, 77, 82, 83, 86, 90]
[5, 1, 6, 1, 2, 1, 6]
False [49, 54, 55, 61, 62, 64, 65, 71]
[-3, -1, -2, -1, -3, 1]
False [60, 57, 56, 54, 53, 50, 51]
[-3, -1, -1, -2, -2, -2, 0]
False [97, 94, 93, 92, 90, 88, 86, 86]
[-3, -2, -1, -4]
False [67, 64, 62, 61, 57]
[-2, -1, -3, -3, -6]
False [74, 72, 71, 68, 65, 59]
[-3, 1, -3, -1, -1, -1]
False [97, 94, 95, 92, 91, 90, 89]
[-2, -2, -1, -1, 2, 1]
False [72, 70, 68, 67, 66, 68, 69]
[-3, -3, -3, -1, -3, 1, 0]
False [76, 73, 70, 67, 66, 63, 64, 64]
[-1, -3, -1, 3, -3, -3, -4]
False [30, 29, 26, 25, 28, 25, 22, 18]
[-1, -2, 1, -6]
False [77, 76, 74, 75, 69]
[-3, -3, 0, -2]
False [88, 85, 82, 82, 80]
[-1, -3, -2, -3, -3, 0, 1]
False [73, 72, 69, 67, 64, 61, 61, 62]
[-1, -2, 0, -3, 0]
False [61, 60, 58, 58, 55, 55]
[-1, -3, 0, -1, -1, -4]
False [47, 46, 43, 43, 42, 41, 37]
[-1, -2, -1, 0, -2, -7]
False [16, 15, 13, 12, 12, 10, 3]
[-1, -2, -4, -3]
False [26, 25, 23, 19, 16]
[-3, -2, -4, -2, -1, -3, 1]
False [71, 68, 66, 62, 60, 59, 56, 57]
[-3, -2, -4, -1, -3, -1, 0]
False [55, 52, 50, 46, 45, 42, 41, 41]
[-3, -1, -4, -1, -1, -4]
False [96, 93, 92, 88, 87, 86, 82]
[-3, -4, -3, -3, -1, -5]
False [87, 84, 80, 77, 74, 73, 68]
[-3, -3, -3, -1, -7, -2]
False [42, 39, 36, 33, 32, 25, 23]
[-1, -1, -3, -2, -6, -1, 2]
False [93, 92, 91, 88, 86, 80, 79, 81]
[-1, -1, -1, -7, 0]
False [87, 86, 85, 84, 77, 77]
[-1, -3, -1, -5, -1, -3, -4]
False [84, 83, 80, 79, 74, 73, 70, 66]
[-3, -1, -7, -7]
False [94, 91, 90, 83, 76]
[1, -1, -3, -3]
False [8, 9, 8, 5, 2]
[2, -1, -1, -2, -3, 3]
False [15, 17, 16, 15, 13, 10, 13]
[3, -1, -2, -1, -1, 0]
False [75, 78, 77, 75, 74, 73, 73]
[1, -2, -2, -2, -4]
False [50, 51, 49, 47, 45, 41]
[3, -2, -3, -7]
False [60, 63, 61, 58, 51]
[2, -1, 1, -1, -1, -3, -2]
False [8, 10, 9, 10, 9, 8, 5, 3]
[3, -2, -3, 3, -2, -2, 2]
False [51, 54, 52, 49, 52, 50, 48, 50]
[3, 3, -2, -2, 0]
False [46, 49, 52, 50, 48, 48]
[3, -2, 2, -2, -2, -4]
False [27, 30, 28, 30, 28, 26, 22]
[1, 2, -1, -1, -3, -7]
False [53, 54, 56, 55, 54, 51, 44]
[3, -3, 0, -3, -3, -2, -1]
False [52, 55, 52, 52, 49, 46, 44, 43]
[3, -1, 0, 2]
False [76, 79, 78, 78, 80]
[1, -2, -1, -3, -1, 0, 0]
False [59, 60, 58, 57, 54, 53, 53, 53]
[2, -1, -2, 0, -4]
False [28, 30, 29, 27, 27, 23]
[1, -3, 0, -3, -3, -5]
False [22, 23, 20, 20, 17, 14, 9]
[3, -1, -2, -4, -2, -2, -2]
False [53, 56, 55, 53, 49, 47, 45, 43]
[3, -4, -3, 2]
False [67, 70, 66, 63, 65]
[3, -2, -4, -3, -2, 0]
False [84, 87, 85, 81, 78, 76, 76]
[1, -1, -4, -1, -4]
False [47, 48, 47, 43, 42, 38]
[1, -3, -4, -1, -5]
False [27, 28, 25, 21, 20, 15]
[2, -5, -2, -1]
False [75, 77, 72, 70, 69]
[1, -2, -1, -3, -5, -2, 3]
False [19, 20, 18, 17, 14, 9, 7, 10]
[2, -7, -1, -3, 0]
False [53, 55, 48, 47, 44, 44]
[1, -6, -2, -1, -1, -2, -4]
False [94, 95, 89, 87, 86, 85, 83, 79]
[2, -6, -1, -2, -5]
False [93, 95, 89, 88, 86, 81]
[0, -1, -1, -3]
False [28, 28, 27, 26, 23]
[0, -3, -1, -1, 3]
False [21, 21, 18, 17, 16, 19]
[0, -2, -3, -1, -2, -3, 0]
False [68, 68, 66, 63, 62, 60, 57, 57]
[0, -2, -3, -4]
False [70, 70, 68, 65, 61]
[0, -1, -1, -2, -2, -2, -7]
False [21, 21, 20, 19, 17, 15, 13, 6]
[0, -2, -1, 2, -1, -3]
False [33, 33, 31, 30, 32, 31, 28]
[0, -3, 2, -3, -3, 3]
False [32, 32, 29, 31, 28, 25, 28]
[0, -2, -3, -3, -3, 1, 0]
False [20, 20, 18, 15, 12, 9, 10, 10]
[0, -3, 2, -2, -4]
False [25, 25, 22, 24, 22, 18]
[0, 3, -2, -7]
False [92, 92, 95, 93, 86]
[0, -1, -2, -3, -2, 0, -1]
False [12, 12, 11, 9, 6, 4, 4, 3]
[0, -2, -3, -3, 0, 3]
False [45, 45, 43, 40, 37, 37, 40]
[0, -1, 0, 0]
False [4, 4, 3, 3, 3]
[0, -1, 0, -1, -4]
False [8, 8, 7, 7, 6, 2]
[0, -2, -2, -1, -2, 0, -6]
False [14, 14, 12, 10, 9, 7, 7, 1]
[0, -2, -2, -3, -2, -4, -2]
False [18, 18, 16, 14, 11, 9, 5, 3]
[0, -4, -1, -3, -3, 1]
False [31, 31, 27, 26, 23, 20, 21]
[0, -2, -3, -4, -1, 0]
False [31, 31, 29, 26, 22, 21, 21]
[0, -2, -1, -2, -1, -4, -4]
False [48, 48, 46, 45, 43, 42, 38, 34]
[0, -3, -2, -2, -1, -4, -7]
False [93, 93, 90, 88, 86, 85, 81, 74]
[0, -3, -5, -2]
False [30, 30, 27, 22, 20]
[0, -5, -2, 3]
False [92, 92, 87, 85, 88]
[0, -2, -1, -3, -2, -7, 0]
False [77, 77, 75, 74, 71, 69, 62, 62]
[0, -2, -3, -3, -1, -6, -4]
False [25, 25, 23, 20, 17, 16, 10, 6]
[0, -6, -1, -1, -7]
False [82, 82, 76, 75, 74, 67]
[-4, -2, -2, -2, -2, -1, -1]
False [20, 16, 14, 12, 10, 8, 7, 6]
[-4, -2, -2, -3, 2]
False [50, 46, 44, 42, 39, 41]
[-4, -3, -3, 0]
False [78, 74, 71, 68, 68]
[-4, -3, -2, -3, -1, -4]
False [54, 50, 47, 45, 42, 41, 37]
[-4, -3, -1, -2, -7]
False [99, 95, 92, 91, 89, 82]
[-4, 1, -1, -2, -3]
False [74, 70, 71, 70, 68, 65]
[-4, -1, 2, -3, 3]
False [55, 51, 50, 52, 49, 52]
[-4, -2, 1, -2, 0]
False [72, 68, 66, 67, 65, 65]
[-4, 1, -3, -3, -2, -1, -4]
False [33, 29, 30, 27, 24, 22, 21, 17]
[-4, -3, 3, -6]
False [71, 67, 64, 67, 61]
[-4, -3, -2, 0, -3]
False [51, 47, 44, 42, 42, 39]
[-4, 0, -3, -3, 2]
False [63, 59, 59, 56, 53, 55]
[-4, -2, -2, 0, -2, 0]
False [81, 77, 75, 73, 73, 71, 71]
[-4, 0, -3, -2, -4]
False [22, 18, 18, 15, 13, 9]
[-4, 0, -3, -7]
False [80, 76, 76, 73, 66]
[-4, -4, -3, -3]
False [54, 50, 46, 43, 40]
[-4, -1, -4, -3, -2, -2, 3]
False [87, 83, 82, 78, 75, 73, 71, 74]
[-4, -1, -4, 0]
False [14, 10, 9, 5, 5]
[-4, -4, -3, -1, -3, -2, -4]
False [37, 33, 29, 26, 25, 22, 20, 16]
[-4, -2, -2, -1, -4, -5]
False [94, 90, 88, 86, 85, 81, 76]
[-4, -2, -7, -2]
False [45, 41, 39, 32, 30]
[-4, -1, -5, 1]
False [83, 79, 78, 73, 74]
[-4, -1, -1, -5, 0]
False [94, 90, 89, 88, 83, 83]
[-4, -3, -3, -2, -7, -1, -4]
False [46, 42, 39, 36, 34, 27, 26, 22]
[-4, -5, -3, -5]
False [22, 18, 13, 10, 5]
[-7, -3, -3, -1]
False [44, 37, 34, 31, 30]
[-6, -1, -2, -1, 3]
False [51, 45, 44, 42, 41, 44]
[-6, -3, -1, -1, -2, -2, 0]
False [30, 24, 21, 20, 19, 17, 15, 15]
[-6, -3, -3, -4]
False [59, 53, 50, 47, 43]
[-5, -1, -1, -5]
False [30, 25, 24, 23, 18]
[-5, 2, -3, -3, -2, -1]
False [52, 47, 49, 46, 43, 41, 40]
[-5, -3, 1, -3, -3, -3, 1]
False [36, 31, 28, 29, 26, 23, 20, 21]
[-6, 3, -2, -1, -3, 0]
False [13, 7, 10, 8, 7, 4, 4]
[-7, -1, -1, -2, -3, 1, -4]
False [82, 75, 74, 73, 71, 68, 69, 65]
[-7, -2, -1, 1, -1, -7]
False [77, 70, 68, 67, 68, 67, 60]
[-5, -2, -2, -1, -1, 0, -3]
False [17, 12, 10, 8, 7, 6, 6, 3]
[-7, -3, -1, -1, 0, 1]
False [83, 76, 73, 72, 71, 71, 72]
[-6, -1, -1, -1, 0, 0]
False [84, 78, 77, 76, 75, 75, 75]
[-5, -1, -1, -2, 0, -4]
False [54, 49, 48, 47, 45, 45, 41]
[-6, -1, -2, -3, 0, -6]
False [90, 84, 83, 81, 78, 78, 72]
[-5, -4, -3, -1, -3, -2]
False [63, 58, 54, 51, 50, 47, 45]
[-6, -4, -2, 1]
False [39, 33, 29, 27, 28]
[-5, -4, -3, 0]
False [83, 78, 74, 71, 71]
[-6, -3, -2, -4, -3, -4]
False [74, 68, 65, 63, 59, 56, 52]
[-6, -3, -2, -4, -7]
False [41, 35, 32, 30, 26, 19]
[-7, -1, -2, -7, -2, -3]
False [42, 35, 34, 32, 25, 23, 20]
[-5, -1, -1, -2, -1, -6, 2]
False [45, 40, 39, 38, 36, 35, 29, 31]
[-7, -3, -1, -2, -1, -5, 0]
False [62, 55, 52, 51, 49, 48, 43, 43]
[-5, -1, -6, -2, -2, -4]
False [61, 56, 55, 49, 47, 45, 41]
[-7, -2, -2, -6, -3, -6]
False [58, 51, 49, 47, 41, 38, 32]
[-1, -2, 0, -1, -3, 3]
False [57, 56, 54, 54, 53, 50, 53]
[-1, 3, -3, 2, 1, 4]
False [62, 61, 64, 61, 63, 64, 68]
[-5, 0, -3, -3, -2, -6]
False [43, 38, 38, 35, 32, 30, 24]
[4, 4, 3, 2, 1, 2, 0]
False [76, 80, 84, 87, 89, 90, 92, 92]
[4, 2, 7, 3]
False [56, 60, 62, 69, 72]
[-6, -1, 3, -1, 3]
False [55, 49, 48, 51, 50, 53]
[-4, -1, -3, -4]
False [77, 73, 72, 69, 65]
[-3, 1, 2, 2, 4, 5]
False [35, 32, 33, 35, 37, 41, 46]
[-3, -3, -4, -1, 3]
False [92, 89, 86, 82, 81, 84]
[-4, 2, -1, -3, -2, -2, 0]
False [85, 81, 83, 82, 79, 77, 75, 75]
[-3, -3, -3, -3, 0, -3, -3]
False [59, 56, 53, 50, 47, 47, 44, 41]
[4, 2, 2, -1, 1, 0]
False [46, 50, 52, 54, 53, 54, 54]
[-1, 3, 3, 0, 1, 0]
False [76, 75, 78, 81, 81, 82, 82]
[-7, -7, -1, -2]
False [85, 78, 71, 70, 68]
[-3, 1, 2, 7, 1, -2]
False [51, 48, 49, 51, 58, 59, 57]
[2, 3, -3, 1, 4]
False [31, 33, 36, 33, 34, 38]
[-4, -3, -4, -3, -1, -5]
False [51, 47, 44, 40, 37, 36, 31]
[-1, 5, 1, 3, 4]
False [61, 60, 65, 66, 69, 73]
[0, 1, 1, 1, 4]
False [10, 10, 11, 12, 13, 17]
[6, 1, 1, 6, 6]
False [1, 7, 8, 9, 15, 21]
[1, 2, 1, 1, 3, 1, 4]
False [70, 71, 73, 74, 75, 78, 79, 83]
[3, -2, 1, 1, 3]
False [32, 35, 33, 34, 35, 38]
[5, 1, -3, 2, 2, 7]
False [35, 40, 41, 38, 40, 42, 49]
[-1, -3, -2, -3, -1, -7]
False [51, 50, 47, 45, 42, 41, 34]
[0, -3, 1, -1]
False [52, 52, 49, 50, 49]
[-1, -2, -3, -1, -2, -1]
False [21, 20, 18, 15, 14, 12, 11]
[2, 3, 1, 1, 2, 3, 3]
False [37, 39, 42, 43, 44, 46, 49, 52]
[3, 2, 3, 1, 1, 3, 2]
False [73, 76, 78, 81, 82, 83, 86, 88]
[2, 1, 2, 2]
False [17, 19, 20, 22, 24]
[-2, -2, -2, -3, -1, -3]
False [90, 88, 86, 84, 81, 80, 77]
[-1, -1, -3, -3, -2, -3, -1]
False [76, 75, 74, 71, 68, 66, 63, 62]
[-1, -2, -1, -1, -1, -3, -3]
False [42, 41, 39, 38, 37, 36, 33, 30]
[-3, -2, -1, -3]
False [96, 93, 91, 90, 87]
[2, 3, 1, 1, 3]
False [18, 20, 23, 24, 25, 28]
[3, 2, 1, 3]
False [46, 49, 51, 52, 55]
[-3, -3, -1, -1, -1]
False [48, 45, 42, 41, 40, 39]
[-2, -3, -2, -3]
False [71, 69, 66, 64, 61]
[-3, -3, -1, -1]
False [25, 22, 19, 18, 17]
[3, 3, 3, 3, 3, 2]
False [43, 46, 49, 52, 55, 58, 60]
[-2, -3, -1, -2, -1, -1, -3]
False [48, 46, 43, 42, 40, 39, 38, 35]
[1, 3, 1, 1]
False [68, 69, 72, 73, 74]
[1, 1, 3, 2]
False [88, 89, 90, 93, 95]
[3, 1, 1, 3, 2, 2, 2]
False [68, 71, 72, 73, 76, 78, 80, 82]
[2, 2, 2, 1, 1]
False [87, 89, 91, 93, 94, 95]
[-1, -1, -1, -2, -2, -3, -3]
False [93, 92, 91, 90, 88, 86, 83, 80]
[-2, -2, -2, -3, -3]
False [43, 41, 39, 37, 34, 31]
[-3, -1, -2, -3, -3]
False [98, 95, 94, 92, 89, 86]
[-1, -1, -1, -3, -2, -1]
False [92, 91, 90, 89, 86, 84, 83]
[-2, -1, -2, -3]
False [84, 82, 81, 79, 76]
[-1, -1, -3, -3, -1, -2]
False [40, 39, 38, 35, 32, 31, 29]
[-2, -2, -3, -2, -1]
False [79, 77, 75, 72, 70, 69]
[-1, -1, -2, -3, -2, -2, -3]
False [33, 32, 31, 29, 26, 24, 22, 19]
[-3, -1, -1, -3, -1]
False [76, 73, 72, 71, 68, 67]
[2, 1, 1, 1, 3]
False [79, 81, 82, 83, 84, 87]
[-2, -3, -1, -1, -3]
False [70, 68, 65, 64, 63, 60]
[-3, -3, -1, -2, -3]
False [58, 55, 52, 51, 49, 46]
[1, 3, 1, 1]
False [17, 18, 21, 22, 23]
[1, 1, 1, 3]
False [73, 74, 75, 76, 79]
[-1, -3, -3, -1, -3, -3, -2]
False [97, 96, 93, 90, 89, 86, 83, 81]
[1, 3, 1, 1, 1]
False [20, 21, 24, 25, 26, 27]
[3, 2, 3, 3, 3]
False [51, 54, 56, 59, 62, 65]
[3, 2, 1, 1]
False [66, 69, 71, 72, 73]
[-2, -1, -3, -2]
False [24, 22, 21, 18, 16]
[-1, -1, -2, -3, -2, -1, -1]
False [52, 51, 50, 48, 45, 43, 42, 41]
[-3, -2, -3, -2]
False [64, 61, 59, 56, 54]
[-2, -2, -1, -3]
False [45, 43, 41, 40, 37]
[-3, -2, -2, -3, -1, -3, -3]
False [92, 89, 87, 85, 82, 81, 78, 75]
[2, 3, 2, 3, 2, 2, 1]
False [34, 36, 39, 41, 44, 46, 48, 49]
[1, 3, 2, 3, 2]
False [65, 66, 69, 71, 74, 76]
[1, 3, 3, 2, 3]
False [84, 85, 88, 91, 93, 96]
[-1, -1, -1, -1]
False [43, 42, 41, 40, 39]
[1, 2, 3, 3, 2, 1]
False [57, 58, 60, 63, 66, 68, 69]
[1, 2, 3, 1, 1, 2, 1]
False [35, 36, 38, 41, 42, 43, 45, 46]
[3, 1, 2, 3]
False [54, 57, 58, 60, 63]
[3, 3, 3, 1, 3, 1]
False [76, 79, 82, 85, 86, 89, 90]
[1, 2, 1, 3]
False [53, 54, 56, 57, 60]
[-3, -3, -1, -3]
False [89, 86, 83, 82, 79]
[-3, -3, -1, -2, -3, -1, -3]
False [97, 94, 91, 90, 88, 85, 84, 81]
[1, 1, 2, 1, 1]
False [64, 65, 66, 68, 69, 70]
[-1, -3, -3, -3, -2, -2]
False [26, 25, 22, 19, 16, 14, 12]
[-3, -2, -1, -1, -2]
False [49, 46, 44, 43, 42, 40]
[-2, -1, -3, -2]
False [25, 23, 22, 19, 17]
[-1, -3, -3, -1, -1, -3, -1]
False [95, 94, 91, 88, 87, 86, 83, 82]
[3, 2, 2, 2, 1, 1]
False [15, 18, 20, 22, 24, 25, 26]
[-2, -3, -3, -1, -1]
False [13, 11, 8, 5, 4, 3]
[-2, -1, -3, -1, -3, -1]
False [14, 12, 11, 8, 7, 4, 3]
[-2, -2, -1, -2, -3, -3]
False [40, 38, 36, 35, 33, 30, 27]
[-2, -3, -3, -1, -3, -1]
False [30, 28, 25, 22, 21, 18, 17]
[1, 2, 1, 3, 2, 2, 1]
False [22, 23, 25, 26, 29, 31, 33, 34]
[-3, -2, -3, -1, -3]
False [96, 93, 91, 88, 87, 84]
[-3, -2, -3, -2, -2]
False [89, 86, 84, 81, 79, 77]
[-2, -2, -3, -1, -3, -2]
False [61, 59, 57, 54, 53, 50, 48]
[-1, -1, -1, -3, -3]
False [84, 83, 82, 81, 78, 75]
[-2, -2, -3, -2, -1, -2, -1]
False [58, 56, 54, 51, 49, 48, 46, 45]
[-3, -1, -1, -1, -1, -1, -1]
False [87, 84, 83, 82, 81, 80, 79, 78]
[-1, -2, -1, -2, -3]
False [27, 26, 24, 23, 21, 18]
[2, 2, 3, 1, 3, 1, 3]
False [13, 15, 17, 20, 21, 24, 25, 28]
[1, 3, 1, 3, 3]
False [29, 30, 33, 34, 37, 40]
[-1, -2, -1, -1]
False [65, 64, 62, 61, 60]
[-1, -2, -1, -3, -2]
False [46, 45, 43, 42, 39, 37]
[2, 2, 3, 3, 2]
False [62, 64, 66, 69, 72, 74]
[2, 3, 2, 3]
False [3, 5, 8, 10, 13]
[3, 3, 1, 2, 1, 3]
False [74, 77, 80, 81, 83, 84, 87]
[1, 3, 1, 3, 2, 2]
False [82, 83, 86, 87, 90, 92, 94]
[-2, -3, -3, -2, -1, -2]
False [80, 78, 75, 72, 70, 69, 67]
[-3, -1, -2, -3, -2]
False [17, 14, 13, 11, 8, 6]
[-1, -1, -2, -1, -3, -1, -3]
False [39, 38, 37, 35, 34, 31, 30, 27]
[3, 1, 2, 1]
False [65, 68, 69, 71, 72]
[-3, -1, -1, -2, -3, -1]
False [27, 24, 23, 22, 20, 17, 16]
[1, 1, 3, 2, 3]
False [8, 9, 10, 13, 15, 18]
[-2, -1, -2, -1]
False [89, 87, 86, 84, 83]
[-3, -1, -1, -3, -2, -3, -3]
False [79, 76, 75, 74, 71, 69, 66, 63]
[-2, -3, -2, -1, -1, -1, -1]
False [20, 18, 15, 13, 12, 11, 10, 9]
[1, 2, 1, 2, 3, 2]
False [11, 12, 14, 15, 17, 20, 22]
[-1, -2, -3, -3]
False [99, 98, 96, 93, 90]
[1, 2, 1, 2, 2]
False [29, 30, 32, 33, 35, 37]
[2, 3, 3, 3, 1, 1]
False [71, 73, 76, 79, 82, 83, 84]
[-1, -2, -3, -1]
False [63, 62, 60, 57, 56]
[-2, -3, -2, -3, -1, -3]
False [84, 82, 79, 77, 74, 73, 70]
[1, 2, 3, 1, 3, 3]
False [61, 62, 64, 67, 68, 71, 74]
[-3, -2, -2, -3]
False [36, 33, 31, 29, 26]
[-3, -2, -1, -2]
False [78, 75, 73, 72, 70]
[-2, -3, -2, -1, -3, -3, -1]
False [63, 61, 58, 56, 55, 52, 49, 48]
[1, 1, 2, 2, 3]
False [26, 27, 28, 30, 32, 35]
[-2, -1, -2, -2]
False [56, 54, 53, 51, 49]
[-2, -2, -3, -1]
False [63, 61, 59, 56, 55]
[1, 2, 1, 3, 2, 2, 3]
False [75, 76, 78, 79, 82, 84, 86, 89]
[-2, -1, -3, -3, -1, -2]
False [56, 54, 53, 50, 47, 46, 44]
[-1, -3, -1, -1, -1, -3, -2]
False [27, 26, 23, 22, 21, 20, 17, 15]
[2, 3, 2, 3, 3]
False [79, 81, 84, 86, 89, 92]
[-3, -3, -3, -1, -1, -1, -2]
False [88, 85, 82, 79, 78, 77, 76, 74]
[-3, -2, -3, -1]
False [92, 89, 87, 84, 83]
[-3, -2, -3, -1, -1]
False [98, 95, 93, 90, 89, 88]
[-3, -2, -3, -3, -3]
False [19, 16, 14, 11, 8, 5]
[2, 1, 3, 3]
False [67, 69, 70, 73, 76]
[3, 1, 3, 1, 2, 3, 1]
False [13, 16, 17, 20, 21, 23, 26, 27]
[-1, -1, -1, -1]
False [94, 93, 92, 91, 90]
[-2, -2, -2, -2]
False [40, 38, 36, 34, 32]
[1, 2, 2, 2, 2, 1]
False [6, 7, 9, 11, 13, 15, 16]
[1, 1, 2, 1, 1, 2, 2]
False [52, 53, 54, 56, 57, 58, 60, 62]
[-1, -2, -2, -1, -3, -1]
False [46, 45, 43, 41, 40, 37, 36]
[-2, -3, -2, -1]
False [66, 64, 61, 59, 58]
[3, 1, 2, 2, 2, 1, 2]
False [15, 18, 19, 21, 23, 25, 26, 28]
[1, 3, 1, 2, 1, 3, 3]
False [57, 58, 61, 62, 64, 65, 68, 71]
[1, 3, 2, 2, 2, 1]
False [79, 80, 83, 85, 87, 89, 90]
[1, 3, 1, 1, 2, 2]
False [55, 56, 59, 60, 61, 63, 65]
[-2, -1, -3, -3, -2, -1, -2]
False [40, 38, 37, 34, 31, 29, 28, 26]
[3, 3, 2, 1, 2, 3]
False [6, 9, 12, 14, 15, 17, 20]
[-1, -3, -2, -2]
False [23, 22, 19, 17, 15]
[1, 1, 1, 1, 2, 2]
False [82, 83, 84, 85, 86, 88, 90]
[-2, -2, -3, -3, -2, -2]
False [48, 46, 44, 41, 38, 36, 34]
[1, 2, 2, 2, 3]
False [55, 56, 58, 60, 62, 65]
[2, 3, 1, 3, 2, 2]
False [82, 84, 87, 88, 91, 93, 95]
[2, 1, 1, 1, 1, 2, 2]
False [5, 7, 8, 9, 10, 11, 13, 15]
[-2, -2, -2, -1, -1]
False [43, 41, 39, 37, 36, 35]
[2, 1, 1, 3]
False [17, 19, 20, 21, 24]
[3, 3, 2, 3, 1, 1]
False [42, 45, 48, 50, 53, 54, 55]
[-1, -1, -2, -3, -3]
False [57, 56, 55, 53, 50, 47]
[-1, -1, -1, -1]
False [46, 45, 44, 43, 42]
[-3, -2, -1, -2, -1]
False [18, 15, 13, 12, 10, 9]
[-2, -1, -2, -1, -2, -1, -1]
False [28, 26, 25, 23, 22, 20, 19, 18]
[-3, -1, -1, -1, -3, -1, -1]
False [17, 14, 13, 12, 11, 8, 7, 6]
[3, 2, 1, 2]
False [91, 94, 96, 97, 99]
[-3, -1, -3, -2, -2, -2]
False [57, 54, 53, 50, 48, 46, 44]
[-2, -3, -1, -2]
False [54, 52, 49, 48, 46]
[-2, -1, -1, -2, -1, -2, -2]
False [22, 20, 19, 18, 16, 15, 13, 11]
[-1, -3, -3, -1]
False [49, 48, 45, 42, 41]
[2, 3, 3, 3, 3, 2, 2]
False [59, 61, 64, 67, 70, 73, 75, 77]
[-2, -2, -3, -2]
False [27, 25, 23, 20, 18]
[1, 1, 2, 1, 3]
False [26, 27, 28, 30, 31, 34]
[1, 2, 2, 2, 3, 1]
False [37, 38, 40, 42, 44, 47, 48]
[-3, -2, -1, -1, -2, -2]
False [91, 88, 86, 85, 84, 82, 80]
[-1, -1, -3, -3]
False [35, 34, 33, 30, 27]
[3, 3, 1, 1, 1, 2, 3]
False [5, 8, 11, 12, 13, 14, 16, 19]
[-2, -1, -1, -1, -1]
False [35, 33, 32, 31, 30, 29]
[-1, -1, -1, -3, -2, -3]
False [37, 36, 35, 34, 31, 29, 26]
[-2, -1, -3, -2]
False [16, 14, 13, 10, 8]
[2, 2, 1, 1, 1, 1]
False [17, 19, 21, 22, 23, 24, 25]
[2, 1, 1, 2, 2, 1, 3]
False [54, 56, 57, 58, 60, 62, 63, 66]
[2, 2, 2, 3]
False [8, 10, 12, 14, 17]
[-2, -3, -3, -3]
False [16, 14, 11, 8, 5]
[-3, -3, -3, -2, -1, -3, -2]
False [48, 45, 42, 39, 37, 36, 33, 31]
[3, 3, 3, 3, 2, 3, 1]
False [8, 11, 14, 17, 20, 22, 25, 26]
[-2, -1, -1, -2, -3]
False [91, 89, 88, 87, 85, 82]
[-2, -2, -1, -1, -3, -1]
False [26, 24, 22, 21, 20, 17, 16]
[-3, -3, -2, -3, -3, -3, -3]
False [44, 41, 38, 36, 33, 30, 27, 24]
[2, 3, 3, 2, 3]
False [6, 8, 11, 14, 16, 19]
[2, 1, 3, 1, 3, 3, 3]
False [75, 77, 78, 81, 82, 85, 88, 91]
[2, 2, 1, 1, 3, 1]
False [63, 65, 67, 68, 69, 72, 73]
[-2, -1, -1, -3]
False [95, 93, 92, 91, 88]
[-2, -2, -1, -1, -1, -2, -1]
False [70, 68, 66, 65, 64, 63, 61, 60]
[1, 1, 3, 3, 3]
False [83, 84, 85, 88, 91, 94]
[-1, -3, -3, -3, -3]
False [57, 56, 53, 50, 47, 44]
[3, 3, 2, 2, 1, 1]
False [37, 40, 43, 45, 47, 48, 49]
[1, 1, 2, 2, 3]
False [81, 82, 83, 85, 87, 90]
[-2, -2, -2, -1, -2, -1, -1]
False [73, 71, 69, 67, 66, 64, 63, 62]
[3, 3, 1, 1, 1]
False [78, 81, 84, 85, 86, 87]
[-3, -1, -3, -2, -1]
False [89, 86, 85, 82, 80, 79]
[1, 2, 1, 1, 3, 1, 3]
False [58, 59, 61, 62, 63, 66, 67, 70]
[-1, -1, -2, -2]
False [14, 13, 12, 10, 8]
[-2, -1, -2, -1, -2, -1, -3]
False [99, 97, 96, 94, 93, 91, 90, 87]
[-2, -1, -1, -2, -1]
False [62, 60, 59, 58, 56, 55]
[1, 3, 2, 1, 2, 3, 2]
False [79, 80, 83, 85, 86, 88, 91, 93]
[-1, -2, -3, -1, -1, -1]
False [73, 72, 70, 67, 66, 65, 64]
[-1, -1, -1, -1]
False [11, 10, 9, 8, 7]
[3, 2, 2, 1]
False [25, 28, 30, 32, 33]
[2, 3, 2, 3, 2, 1]
False [56, 58, 61, 63, 66, 68, 69]
[-2, -3, -3, -2, -2, -2, -2]
False [56, 54, 51, 48, 46, 44, 42, 40]
[3, 3, 1, 2, 1]
False [73, 76, 79, 80, 82, 83]
[2, 3, 3, 3]
False [79, 81, 84, 87, 90]
[1, 3, 3, 2, 3]
False [27, 28, 31, 34, 36, 39]
[2, 3, 3, 3, 3, 3, 1]
False [54, 56, 59, 62, 65, 68, 71, 72]
[3, 3, 2, 3]
False [37, 40, 43, 45, 48]
[3, 2, 2, 1, 2, 3]
False [70, 73, 75, 77, 78, 80, 83]
[1, 3, 2, 1, 1]
False [84, 85, 88, 90, 91, 92]
[-3, -2, -3, -3, -2, -1, -2]
False [18, 15, 13, 10, 7, 5, 4, 2]
[-2, -2, -3, -2]
False [92, 90, 88, 85, 83]
[-2, -3, -2, -2, -3, -2, -1]
False [43, 41, 38, 36, 34, 31, 29, 28]
[-3, -2, -2, -3, -3]
False [32, 29, 27, 25, 22, 19]
[1, 1, 2, 3, 3]
False [24, 25, 26, 28, 31, 34]
[3, 3, 3, 1, 3, 3, 1]
False [3, 6, 9, 12, 13, 16, 19, 20]
[3, 3, 2, 1, 2, 1]
False [47, 50, 53, 55, 56, 58, 59]
[2, 2, 1, 3, 3]
False [36, 38, 40, 41, 44, 47]
[2, 2, 2, 1, 1, 3]
False [72, 74, 76, 78, 79, 80, 83]
[3, 3, 2, 2, 1, 2]
False [13, 16, 19, 21, 23, 24, 26]
[1, 2, 1, 1, 3, 1, 1]
False [54, 55, 57, 58, 59, 62, 63, 64]
[3, 1, 2, 3, 3, 3]
False [29, 32, 33, 35, 38, 41, 44]
[-2, -1, -3, -1]
False [82, 80, 79, 76, 75]
[1, 3, 3, 3]
False [60, 61, 64, 67, 70]
[-3, -2, -2, -2, -1, -3, -2]
False [38, 35, 33, 31, 29, 28, 25, 23]
[3, 3, 1, 1, 2]
False [87, 90, 93, 94, 95, 97]
[2, 2, 3, 3]
False [56, 58, 60, 63, 66]
[2, 3, 3, 2, 3, 3]
False [49, 51, 54, 57, 59, 62, 65]
[-2, -3, -1, -2, -3]
False [56, 54, 51, 50, 48, 45]
[-1, -1, -3, -2, -2, -3, -1]
False [74, 73, 72, 69, 67, 65, 62, 61]
[2, 3, 2, 3, 3]
False [39, 41, 44, 46, 49, 52]
[-3, -3, -3, -3]
False [38, 35, 32, 29, 26]
[-2, -3, -2, -1, -2, -3, -2]
False [39, 37, 34, 32, 31, 29, 26, 24]
[-2, -2, -3, -1]
False [37, 35, 33, 30, 29]
[3, 2, 2, 1]
False [17, 20, 22, 24, 25]
[1, 2, 2, 2, 3, 3]
False [13, 14, 16, 18, 20, 23, 26]
[1, 1, 1, 3]
False [72, 73, 74, 75, 78]
[-1, -3, -2, -2, -3, -2]
False [95, 94, 91, 89, 87, 84, 82]
[2, 3, 1, 2]
False [60, 62, 65, 66, 68]
[2, 2, 2, 1]
False [58, 60, 62, 64, 65]
[-2, -1, -2, -1, -1, -3, -3]
False [93, 91, 90, 88, 87, 86, 83, 80]
[3, 3, 2, 2, 2, 1, 3]
False [38, 41, 44, 46, 48, 50, 51, 54]
[-1, -3, -2, -3, -2, -1]
False [57, 56, 53, 51, 48, 46, 45]
[2, 1, 1, 3, 3]
False [24, 26, 27, 28, 31, 34]
[-2, -1, -3, -3, -3, -3, -1]
False [94, 92, 91, 88, 85, 82, 79, 78]
[-3, -3, -2, -2, -1, -1, -3]
False [96, 93, 90, 88, 86, 85, 84, 81]
[2, 3, 3, 1, 3, 3]
False [17, 19, 22, 25, 26, 29, 32]
[-1, -2, -3, -1, -3, -2]
False [69, 68, 66, 63, 62, 59, 57]
[1, 1, 1, 2, 2, 3]
False [15, 16, 17, 18, 20, 22, 25]
[3, 1, 3, 3, 2, 3]
False [41, 44, 45, 48, 51, 53, 56]
[3, 2, 2, 3, 3, 2, 1]
False [37, 40, 42, 44, 47, 50, 52, 53]
[-1, -2, -3, -2]
False [49, 48, 46, 43, 41]
[3, 3, 1, 1, 2, 1, 1]
False [6, 9, 12, 13, 14, 16, 17, 18]
[2, 2, 3, 1, 1, 3, 3]
False [51, 53, 55, 58, 59, 60, 63, 66]
[3, 1, 1, 3, 2, 1, 2]
False [58, 61, 62, 63, 66, 68, 69, 71]
[-1, -1, -3, -3, -2]
False [76, 75, 74, 71, 68, 66]
[3, 2, 1, 1, 1]
False [1, 4, 6, 7, 8, 9]
[3, 1, 1, 1, 3]
False [48, 51, 52, 53, 54, 57]
[-3, -3, -1, -3, -2, -2]
False [35, 32, 29, 28, 25, 23, 21]
[-1, -3, -1, -2, -2, -3]
False [16, 15, 12, 11, 9, 7, 4]
[3, 2, 2, 2]
False [39, 42, 44, 46, 48]
[1, 3, 1, 2, 2, 2, 3]
False [51, 52, 55, 56, 58, 60, 62, 65]
[-1, -3, -2, -3]
False [75, 74, 71, 69, 66]
[-2, -3, -3, -3, -1, -2, -2]
False [73, 71, 68, 65, 62, 61, 59, 57]
[-1, -1, -2, -2, -3, -1]
False [47, 46, 45, 43, 41, 38, 37]
[3, 3, 1, 3, 1]
False [69, 72, 75, 76, 79, 80]
[2, 1, 2, 3, 2]
False [27, 29, 30, 32, 35, 37]
[-3, -2, -3, -3]
False [96, 93, 91, 88, 85]
[-2, -2, -1, -2]
False [62, 60, 58, 57, 55]
[1, 1, 2, 2, 1, 1]
False [54, 55, 56, 58, 60, 61, 62]
[-1, -1, -1, -3, -1, -2]
False [93, 92, 91, 90, 87, 86, 84]
[1, 3, 2, 2, 3]
False [64, 65, 68, 70, 72, 75]
[2, 3, 3, 2, 3]
False [21, 23, 26, 29, 31, 34]
[-3, -2, -1, -1]
False [23, 20, 18, 17, 16]
[-1, -3, -2, -3, -3, -2]
False [69, 68, 65, 63, 60, 57, 55]
[2, 1, 2, 3, 1]
False [65, 67, 68, 70, 73, 74]
[1, 1, 2, 3, 3, 2]
False [20, 21, 22, 24, 27, 30, 32]
[2, 3, 1, 2, 2, 1]
False [55, 57, 60, 61, 63, 65, 66]
[2, 1, 2, 3, 1]
False [89, 91, 92, 94, 97, 98]
[2, 1, 1, 3, 3, 3, 3]
False [80, 82, 83, 84, 87, 90, 93, 96]
[1, 1, 2, 3]
False [88, 89, 90, 92, 95]
[2, 2, 1, 2, 2, 1]
False [57, 59, 61, 62, 64, 66, 67]
[-1, -3, -2, -3, -1, -3]
False [42, 41, 38, 36, 33, 32, 29]
[-1, -1, -1, -2, -2, -2, -1]
False [77, 76, 75, 74, 72, 70, 68, 67]
[-3, -3, -1, -2]
False [24, 21, 18, 17, 15]
[-1, -2, -1, -2]
False [91, 90, 88, 87, 85]
[1, 2, 1, 1, 2, 2, 1]
False [6, 7, 9, 10, 11, 13, 15, 16]
[-3, -3, -3, -1, -1]
False [97, 94, 91, 88, 87, 86]
[-1, -2, -1, -1]
False [32, 31, 29, 28, 27]
[-1, -1, -3, -3, -3, -1]
False [21, 20, 19, 16, 13, 10, 9]
[3, 3, 3, 2, 1, 3]
False [41, 44, 47, 50, 52, 53, 56]
[-2, -2, -3, -3, -2, -3, -2]
False [65, 63, 61, 58, 55, 53, 50, 48]
[-3, -2, -3, -3, -2, -2, -1]
False [60, 57, 55, 52, 49, 47, 45, 44]
[-1, -3, -1, -1, -1, -2]
False [91, 90, 87, 86, 85, 84, 82]
[1, 3, 3, 1, 1, 3, 3]
False [54, 55, 58, 61, 62, 63, 66, 69]
[1, 1, 3, 1, 3, 3]
False [50, 51, 52, 55, 56, 59, 62]
[3, 2, 1, 3, 2]
False [46, 49, 51, 52, 55, 57]
[-2, -1, -3, -3]
False [48, 46, 45, 42, 39]
[-2, -3, -2, -2, -1, -2, -3]
False [56, 54, 51, 49, 47, 46, 44, 41]
[-2, -3, -1, -3, -3, -2, -2]
False [70, 68, 65, 64, 61, 58, 56, 54]
[1, 3, 3, 2]
False [50, 51, 54, 57, 59]
[1, 1, 2, 1]
False [20, 21, 22, 24, 25]
[2, 3, 3, 3, 3, 1]
False [53, 55, 58, 61, 64, 67, 68]
[2, 2, 2, 2]
False [5, 7, 9, 11, 13]
[-1, -3, -3, -1]
False [78, 77, 74, 71, 70]
[2, 3, 3, 2, 1, 3, 2]
False [15, 17, 20, 23, 25, 26, 29, 31]
[-2, -2, -3, -2]
False [90, 88, 86, 83, 81]
[-1, -3, -1, -3]
False [36, 35, 32, 31, 28]
[-1, -2, -2, -2, -1]
False [10, 9, 7, 5, 3, 2]
[-2, -3, -2, -3]
False [43, 41, 38, 36, 33]
[2, 1, 3, 3, 2]
False [4, 6, 7, 10, 13, 15]
[-2, -2, -2, -3, -2, -1]
False [62, 60, 58, 56, 53, 51, 50]
[-3, -2, -3, -3, -2, -3]
False [20, 17, 15, 12, 9, 7, 4]
[3, 1, 3, 2]
False [43, 46, 47, 50, 52]
[-2, -2, -3, -2, -1, -1]
False [19, 17, 15, 12, 10, 9, 8]
[-3, -3, -2, -3, -1, -1]
False [50, 47, 44, 42, 39, 38, 37]
[-1, -3, -3, -1, -3, -1]
False [60, 59, 56, 53, 52, 49, 48]
[-2, -2, -2, -3, -3, -3]
False [45, 43, 41, 39, 36, 33, 30]
[-2, -1, -3, -1, -2]
False [84, 82, 81, 78, 77, 75]
[2, 3, 1, 2, 2, 3]
False [57, 59, 62, 63, 65, 67, 70]
[3, 2, 3, 2, 2]
False [43, 46, 48, 51, 53, 55]
[-1, -1, -3, -1, -3, -3, -3]
False [73, 72, 71, 68, 67, 64, 61, 58]
[3, 3, 1, 3, 3, 1]
False [23, 26, 29, 30, 33, 36, 37]
[-3, -2, -3, -1, -2]
False [52, 49, 47, 44, 43, 41]
[-3, -2, -2, -1]
False [60, 57, 55, 53, 52]
[2, 1, 3, 2, 2]
False [50, 52, 53, 56, 58, 60]
[-1, -1, -1, -3]
False [75, 74, 73, 72, 69]
[-2, -3, -3, -3, -2, -1]
False [77, 75, 72, 69, 66, 64, 63]
[2, 3, 3, 3, 3]
False [11, 13, 16, 19, 22, 25]
[-3, -3, -2, -1, -2, -1, -2]
False [67, 64, 61, 59, 58, 56, 55, 53]
[-1, -3, -1, -2, -2, -2, -3]
False [78, 77, 74, 73, 71, 69, 67, 64]
[-3, -2, -2, -1, -3]
False [70, 67, 65, 63, 62, 59]
[-1, -3, -2, -2, -3, -2, -3]
False [17, 16, 13, 11, 9, 6, 4, 1]
[2, 1, 1, 2, 3, 1]
False [5, 7, 8, 9, 11, 14, 15]
[-1, -1, -1, -3, -1]
False [62, 61, 60, 59, 56, 55]
[-3, -2, -1, -2]
False [15, 12, 10, 9, 7]
[2, 2, 1, 3, 3, 2]
False [22, 24, 26, 27, 30, 33, 35]
[2, 2, 1, 2]
False [82, 84, 86, 87, 89]
[1, 3, 3, 1, 1, 3]
False [36, 37, 40, 43, 44, 45, 48]
[-1, -1, -2, -1, -2, -1, -1]
False [34, 33, 32, 30, 29, 27, 26, 25]
[1, 3, 1, 1, 3, 2]
False [29, 30, 33, 34, 35, 38, 40]
[2, 2, 1, 2, 1, 2, 2]
False [84, 86, 88, 89, 91, 92, 94, 96]
[-3, -1, -3, -3, -1, -3]
False [67, 64, 63, 60, 57, 56, 53]
[2, 2, 3, 1, 1]
False [62, 64, 66, 69, 70, 71]
[1, 3, 2, 2, 1]
False [25, 26, 29, 31, 33, 34]
[-3, -1, -3, -3, -1, -3]
False [40, 37, 36, 33, 30, 29, 26]
[-2, -1, -2, -1, -3, -2, -2]
False [68, 66, 65, 63, 62, 59, 57, 55]
[2, 2, 2, 1]
False [53, 55, 57, 59, 60]
[3, 2, 1, 3, 2, 2]
False [42, 45, 47, 48, 51, 53, 55]
[1, 1, 1, 1]
False [65, 66, 67, 68, 69]
[-2, -3, -2, -1, -3, -1]
False [36, 34, 31, 29, 28, 25, 24]
[3, 3, 2, 1, 1]
False [75, 78, 81, 83, 84, 85]
[-3, -1, -2, -3, -1, -3, -1]
False [63, 60, 59, 57, 54, 53, 50, 49]
[-3, -1, -2, -2, -1, -2]
False [13, 10, 9, 7, 5, 4, 2]
[3, 2, 1, 2, 3, 2]
False [35, 38, 40, 41, 43, 46, 48]
[2, 1, 3, 3, 1, 3]
False [19, 21, 22, 25, 28, 29, 32]
[-2, -2, -1, -2]
False [67, 65, 63, 62, 60]
[3, 3, 1, 2]
False [45, 48, 51, 52, 54]
[2, 2, 1, 1, 3, 1]
False [59, 61, 63, 64, 65, 68, 69]
[1, 1, 1, 2, 2, 3, 1]
False [9, 10, 11, 12, 14, 16, 19, 20]
[1, 1, 1, 2, 2, 3, 3]
False [85, 86, 87, 88, 90, 92, 95, 98]
[-1, -2, -2, -1]
False [10, 9, 7, 5, 4]
[-2, -2, -3, -1]
False [9, 7, 5, 2, 1]
[1, 1, 3, 3, 3, 1, 3]
False [1, 2, 3, 6, 9, 12, 13, 16]
[3, 1, 3, 2, 2, 2, 3]
False [4, 7, 8, 11, 13, 15, 17, 20]
[2, 1, 3, 2, 3, 2, 3]
False [74, 76, 77, 80, 82, 85, 87, 90]
[2, 1, 3, 1, 2]
False [15, 17, 18, 21, 22, 24]
[3, 2, 1, 3, 3]
False [45, 48, 50, 51, 54, 57]
[2, 2, 3, 1]
False [90, 92, 94, 97, 98]
[-3, -3, -1, -1, -3, -1, -3]
False [49, 46, 43, 42, 41, 38, 37, 34]
[-3, -2, -3, -1, -2, -3, -1]
False [21, 18, 16, 13, 12, 10, 7, 6]
[2, 3, 2, 1, 2, 1, 2]
False [9, 11, 14, 16, 17, 19, 20, 22]
[-1, -3, -3, -2, -1, -1]
False [40, 39, 36, 33, 31, 30, 29]
[1, 1, 1, 1]
False [21, 22, 23, 24, 25]
[-2, -3, -2, -1, -3, -1, -2]
False [81, 79, 76, 74, 73, 70, 69, 67]
[-2, -1, -1, -1, -1, -1]
False [16, 14, 13, 12, 11, 10, 9]
[3, 1, 1, 3, 1, 3]
False [76, 79, 80, 81, 84, 85, 88]
[-2, -1, -2, -1, -1, -3]
False [90, 88, 87, 85, 84, 83, 80]
[-3, -2, -2, -2, -3, -3]
False [99, 96, 94, 92, 90, 87, 84]
[3, 1, 2, 3]
False [21, 24, 25, 27, 30]
[2, 2, 3, 3, 2]
False [67, 69, 71, 74, 77, 79]
[2, 1, 1, 1, 2, 1, 2]
False [54, 56, 57, 58, 59, 61, 62, 64]
[3, 3, 1, 3]
False [60, 63, 66, 67, 70]
[2, 2, 2, 1, 2, 2]
False [77, 79, 81, 83, 84, 86, 88]
[-3, -3, -3, -1, -2, -1, -1]
False [65, 62, 59, 56, 55, 53, 52, 51]
[1, 1, 2, 1, 3, 2]
False [57, 58, 59, 61, 62, 65, 67]
[-2, -2, -1, -3, -1]
False [64, 62, 60, 59, 56, 55]
[2, 2, 1, 2, 1]
False [12, 14, 16, 17, 19, 20]
[2, 2, 1, 2, 2]
False [64, 66, 68, 69, 71, 73]
[-1, -1, -1, -1, -1, -1]
False [12, 11, 10, 9, 8, 7, 6]
[-3, -1, -1, -2]
False [68, 65, 64, 63, 61]
[-3, -1, -3, -1, -3, -3, -3]
False [24, 21, 20, 17, 16, 13, 10, 7]
[-1, -2, -1, -2]
False [54, 53, 51, 50, 48]
[-3, -3, -2, -1, -3, -3]
False [99, 96, 93, 91, 90, 87, 84]
[1, 3, 3, 3, 3, 2]
False [56, 57, 60, 63, 66, 69, 71]
[-1, -1, -3, -2]
False [78, 77, 76, 73, 71]
[-2, -3, -2, -3, -1]
False [58, 56, 53, 51, 48, 47]
[1, 3, 1, 3, 2]
False [12, 13, 16, 17, 20, 22]
[3, 2, 3, 3]
False [49, 52, 54, 57, 60]
[2, 2, 2, 1, 2]
False [72, 74, 76, 78, 79, 81]
[-1, -3, -2, -2, -2]
False [29, 28, 25, 23, 21, 19]
[-1, -2, -1, -1, -1, -3]
False [29, 28, 26, 25, 24, 23, 20]
[3, 3, 2, 1, 3, 1, 3]
False [62, 65, 68, 70, 71, 74, 75, 78]
[-2, -2, -2, -3, -2]
False [63, 61, 59, 57, 54, 52]
[1, 3, 3, 2, 2, 1, 3]
False [22, 23, 26, 29, 31, 33, 34, 37]
[3, 1, 3, 1, 1, 2]
False [41, 44, 45, 48, 49, 50, 52]
[-2, -1, -2, -3]
False [26, 24, 23, 21, 18]
[3, 1, 2, 3, 3, 3, 3]
False [18, 21, 22, 24, 27, 30, 33, 36]
[3, 2, 2, 1, 3]
False [8, 11, 13, 15, 16, 19]
[3, 1, 3, 2, 2, 2, 1]
False [31, 34, 35, 38, 40, 42, 44, 45]
[-3, -1, -2, -2, -2]
False [37, 34, 33, 31, 29, 27]
[-2, -3, -3, -2, -2, -1]
False [81, 79, 76, 73, 71, 69, 68]
[2, 1, 1, 3, 3]
False [70, 72, 73, 74, 77, 80]
[1, 3, 2, 2]
False [88, 89, 92, 94, 96]
[2, 3, 1, 2, 1, 3, 1]
False [13, 15, 18, 19, 21, 22, 25, 26]
[1, 1, 2, 3, 2]
False [63, 64, 65, 67, 70, 72]
[-3, -3, -2, -2, -2, -2, -1]
False [45, 42, 39, 37, 35, 33, 31, 30]
[3, 2, 2, 2, 1]
False [42, 45, 47, 49, 51, 52]
[1, 1, 3, 2, 3]
False [24, 25, 26, 29, 31, 34]
[-3, -3, -2, -1, -2, -1, -3]
False [55, 52, 49, 47, 46, 44, 43, 40]
[-1, -2, -2, -1]
False [87, 86, 84, 82, 81]
[-2, -2, -3, -3, -2]
False [33, 31, 29, 26, 23, 21]
[-3, -3, -1, -1]
False [45, 42, 39, 38, 37]
[-2, -2, -1, -3, -1, -2]
False [79, 77, 75, 74, 71, 70, 68]
[1, 1, 2, 3]
False [41, 42, 43, 45, 48]
[2, 3, 2, 2, 1, 3, 1]
False [59, 61, 64, 66, 68, 69, 72, 73]
[-2, -2, -3, -2, -1]
False [78, 76, 74, 71, 69, 68]
[-1, -3, -2, -3, -1]
False [76, 75, 72, 70, 67, 66]
[3, 2, 2, 3, 3, 1]
False [81, 84, 86, 88, 91, 94, 95]
[-1, -3, -2, -1, -2]
False [11, 10, 7, 5, 4, 2]
[-2, -3, -1, -1, -2, -3, -1]
False [84, 82, 79, 78, 77, 75, 72, 71]
[-1, -3, -2, -3, -2]
False [26, 25, 22, 20, 17, 15]
[1, 2, 1, 3, 1]
False [28, 29, 31, 32, 35, 36]
[-3, -3, -2, -2, -1, -2]
False [29, 26, 23, 21, 19, 18, 16]
[1, 2, 3, 3, 2, 2, 1]
False [17, 18, 20, 23, 26, 28, 30, 31]
[-2, -2, -3, -3, -1]
False [12, 10, 8, 5, 2, 1]
[-1, -1, -2, -3, -2, -1]
False [80, 79, 78, 76, 73, 71, 70]
[3, 1, 1, 3, 2, 2]
False [61, 64, 65, 66, 69, 71, 73]
[2, 3, 3, 2, 1, 2, 2]
False [84, 86, 89, 92, 94, 95, 97, 99]
[1, 1, 2, 1, 2]
False [76, 77, 78, 80, 81, 83]
[-3, -2, -3, -2]
False [76, 73, 71, 68, 66]
[2, 1, 1, 2]
False [81, 83, 84, 85, 87]
[1, 2, 2, 2, 1, 3, 3]
False [59, 60, 62, 64, 66, 67, 70, 73]
[2, 3, 3, 1, 1]
False [29, 31, 34, 37, 38, 39]
[2, 1, 3, 2, 2, 1]
False [71, 73, 74, 77, 79, 81, 82]
[3, 3, 1, 3, 1, 1, 3]
False [13, 16, 19, 20, 23, 24, 25, 28]
[-1, -2, -2, -3, -1, -1, -2]
False [15, 14, 12, 10, 7, 6, 5, 3]
[2, 2, 2, 3, 3, 2, 1]
False [41, 43, 45, 47, 50, 53, 55, 56]
[2, 1, 3, 3]
False [13, 15, 16, 19, 22]
[3, 1, 2, 3, 2, 3]
False [73, 76, 77, 79, 82, 84, 87]
[1, 3, 1, 2, 2]
False [31, 32, 35, 36, 38, 40]
[-3, -2, -2, -1, -2]
False [31, 28, 26, 24, 23, 21]
[-2, -3, -1, -1, -3, -3, -3]
False [48, 46, 43, 42, 41, 38, 35, 32]
[-1, -2, -1, -1, -2, -3]
False [27, 26, 24, 23, 22, 20, 17]
[-3, -2, -1, -2, -1, -1, -1]
False [58, 55, 53, 52, 50, 49, 48, 47]
[3, 1, 3, 3, 3, 3]
False [2, 5, 6, 9, 12, 15, 18]
[1, 2, 1, 3, 1, 3, 2]
False [37, 38, 40, 41, 44, 45, 48, 50]
[-3, -1, -3, -1]
False [53, 50, 49, 46, 45]
[-1, -3, -2, -1, -1, -1, -2]
False [15, 14, 11, 9, 8, 7, 6, 4]
[-1, -1, -1, -2, -2]
False [9, 8, 7, 6, 4, 2]
[1, 1, 2, 3, 1]
False [32, 33, 34, 36, 39, 40]
[-3, -3, -1, -2, -3, -3, -3]
False [85, 82, 79, 78, 76, 73, 70, 67]
[3, 1, 2, 2, 1]
False [52, 55, 56, 58, 60, 61]
[-3, -1, -3, -1]
False [59, 56, 55, 52, 51]
[1, 1, 2, 2]
False [88, 89, 90, 92, 94]
[-1, -1, -3, -1]
False [19, 18, 17, 14, 13]
[-2, -3, -2, -3]
False [42, 40, 37, 35, 32]
[1, 3, 1, 3, 2, 1]
False [34, 35, 38, 39, 42, 44, 45]
[2, 2, 3, 2, 2, 2, 2]
False [47, 49, 51, 54, 56, 58, 60, 62]
[-1, -2, -2, -1, -2]
False [38, 37, 35, 33, 32, 30]
[-3, -3, -2, -3, -1, -1, -2]
False [48, 45, 42, 40, 37, 36, 35, 33]
[1, 3, 3, 2, 3]
False [14, 15, 18, 21, 23, 26]
[-1, -3, -3, -2, -2, -3, -3]
False [76, 75, 72, 69, 67, 65, 62, 59]
[3, 2, 2, 3, 1]
False [21, 24, 26, 28, 31, 32]
[3, 3, 1, 1, 3]
False [50, 53, 56, 57, 58, 61]
[-1, -2, -1, -3, -3, -3, -1]
False [29, 28, 26, 25, 22, 19, 16, 15]
[2, 2, 3, 2, 1]
False [77, 79, 81, 84, 86, 87]
[-2, -1, -2, -2, -3, -1, -3]
False [20, 18, 17, 15, 13, 10, 9, 6]
[1, 2, 1, 2]
False [64, 65, 67, 68, 70]
[-1, -2, -1, -2]
False [20, 19, 17, 16, 14]
[2, 1, 3, 2]
False [78, 80, 81, 84, 86]
[1, 2, 2, 1]
False [87, 88, 90, 92, 93]
[2, 3, 2, 2, 2, 2, 3]
False [32, 34, 37, 39, 41, 43, 45, 48]
[-3, -2, -3, -1]
False [95, 92, 90, 87, 86]
[-2, -2, -1, -3]
False [76, 74, 72, 71, 68]
[-2, -1, -3, -2, -1]
False [77, 75, 74, 71, 69, 68]
[2, 3, 1, 3, 3, 1, 2]
False [67, 69, 72, 73, 76, 79, 80, 82]
[-2, -2, -3, -1, -1, -2, -3]
False [92, 90, 88, 85, 84, 83, 81, 78]
[-3, -2, -2, -3]
False [40, 37, 35, 33, 30]
[-1, -2, -3, -2]
False [59, 58, 56, 53, 51]
[-2, -2, -2, -1]
False [45, 43, 41, 39, 38]
[3, 3, 1, 2]
False [61, 64, 67, 68, 70]
[-2, -3, -1, -3, -2, -1, -1]
False [30, 28, 25, 24, 21, 19, 18, 17]
[2, 2, 3, 3]
False [76, 78, 80, 83, 86]
[3, 1, 1, 1, 1]
False [85, 88, 89, 90, 91, 92]
[-1, -2, -3, -2, -2, -2, -2]
False [43, 42, 40, 37, 35, 33, 31, 29]
[2, 3, 1, 2, 3]
False [69, 71, 74, 75, 77, 80]
[3, 3, 2, 2, 2, 2, 3]
False [53, 56, 59, 61, 63, 65, 67, 70]
[-3, -2, -2, -3, -1, -3]
False [48, 45, 43, 41, 38, 37, 34]
0
